-2.0177   -2.0791   -2.0216   -1.6328   -1.0211   -0.8245
-2.0000   -2.0000   -2.0000   -2.0000   -1.0000   -1.0000

-1.0111   -0.4463   -0.0184   -2.0766   -2.0193   -1.6303
-1.0000   -1.0000         0   -2.0000   -2.0000   -2.0000

-1.0180   -0.8201   -1.0060   -0.4437   -0.0099   -0.3476
-1.0000   -1.0000   -1.0000   -1.0000         0         0

-2.0186   -1.6296   -1.0166   -0.8173   -1.0023   -0.4422
-2.0000   -2.0000   -1.0000   -1.0000   -1.0000   -1.0000

-0.0017   -0.3390   -0.0008   -1.6308   -1.0172   -0.8166
     0         0         0   -2.0000   -1.0000   -1.0000

-1.0004   -0.4420    0.0058   -0.3300    0.0057    0.8845
-1.0000   -1.0000         0         0         0         0

-1.0201   -0.8181   -1.0008   -0.4438    0.0122   -0.3209
-1.0000   -1.0000   -1.0000   -1.0000         0         0

0.0137    0.8898    1.0366   -0.8222   -1.0037   -0.4478
     0         0    1.0000   -1.0000   -1.0000   -1.0000

0.0170   -0.3123    0.0226    0.8975    1.0423    0.9530
     0         0         0         0    1.0000    1.0000

-1.0094   -0.4545    0.0197   -0.3047    0.0322    0.9072
-1.0000   -1.0000         0         0         0         0

1.0510    0.9595    1.0419   -0.4641    0.0199   -0.2985
1.0000    1.0000    1.0000   -1.0000         0         0

0.0418    0.9185    1.0622    0.9688    1.0479    1.4083
     0         0    1.0000    1.0000    1.0000    1.0000

0.0175   -0.2940    0.0511    0.9309    1.0754    0.9805
     0         0         0         0    1.0000    1.0000

1.0561    1.4125    2.0117 0 0 0
1.0000    1.0000    2.0000 0 0 0